# satelite | tipo sinal | tempo | fase | I | Q | I+Q²
5.0 0.0 84600.0 107310258.71 407.0 7.0 456.0
5.0 0.0 84600.0 83618522.255 249.0 4.0 265.0
5.0 0.0 84600.0 80134460.157 553.0 -8.0 617.0
5.0 0.0 84600.0 107310265.718 409.0 4.0 425.0
5.0 0.0 84600.0 114067092.347 -348.0 4.0 -332.0
5.0 0.0 84600.0 88883572.484 161.0 -9.0 242.0
5.0 0.0 84600.0 85180112.426 397.0 -1.0 398.0
5.0 0.0 84600.0 122451752.515 -273.0 -11.0 -152.0
5.0 0.0 84600.0 95416825.609 132.0 1.0 133.0
5.0 0.0 84600.0 91441417.21 251.0 -5.0 276.0
5.0 0.0 84600.0 122213196.553 222.0 -4.0 238.0
5.0 0.0 84600.0 206421331.418 47.0 -10.0 147.0
5.0 0.0 84600.0 123263118.611 -263.0 -3.0 -254.0
5.0 0.0 84600.0 96049218.794 72.0 5.0 97.0
5.0 0.0 84600.0 116071775.574 440.0 -9.0 521.0
5.0 0.0 84600.0 90445604.951 157.0 7.0 206.0
5.0 0.0 84600.0 211012884.185 87.0 3.0 96.0
5.0 0.0 84600.0 141637073.465 96.0 -3.0 105.0
5.0 0.0 84600.0 105767897.369 82.0 -6.0 118.0
5.0 0.0 84600.0 108527047.212 96.0 6.0 132.0
5.0 0.0 84600.0 107147539.368 173.0 2.0 177.0
5.0 0.0 84600.0 114965080.22 71.0 0.0 71.0
5.0 0.0 84600.0 119440546.376 -228.0 6.0 -192.0
5.0 0.0 84600.0 135230115.349 191.0 5.0 216.0
5.0 0.0 84600.0 100983687.239 223.0 -2.0 227.0
5.0 0.0 84600.0 103618014.032 269.0 -2.0 273.0
5.0 0.0 84600.0 102300860.208 490.0 -5.0 515.0
5.0 0.0 84600.0 109764802.406 232.0 6.0 268.0
5.0 0.0 84600.0 120240530.225 233.0 -7.0 282.0
5.0 0.0 84600.0 93694007.516 94.0 1.0 95.0
5.0 0.0 84600.0 119841641.719 -200.0 -14.0 -4.0
5.0 0.0 84600.0 125012055.4 398.0 12.0 542.0
5.0 0.0 84600.0 93353329.403 386.0 -12.0 530.0
5.0 0.0 84600.0 95788601.628 430.0 -10.0 530.0
5.0 0.0 84600.0 94570978.091 815.0 -22.0 1299.0
5.0 0.0 84600.0 101470930.517 409.0 -1.0 410.0
5.0 0.0 84600.0 141182751.968 155.0 -1.0 156.0
5.0 0.0 84600.0 105428765.254 138.0 0.0 138.0
5.0 0.0 84600.0 108179052.175 182.0 -8.0 246.0
5.0 0.0 84600.0 106803919.287 319.0 -8.0 383.0
5.0 0.0 84600.0 114596449.527 128.0 -3.0 137.0
5.0 0.0 84600.0 103344606.065 -494.0 -6.0 -458.0
5.0 0.0 84600.0 80379284.809 -322.0 0.0 -322.0
5.0 0.0 84600.0 103344623.079 -452.0 -4.0 -436.0
5.0 0.0 84600.0 99361213.488 -41.0 -8.0 23.0
5.0 0.0 84600.0 122283539.263 417.0 20.0 817.0
5.0 0.0 84600.0 91315847.58 400.0 2.0 404.0
5.0 0.0 84600.0 93697971.239 450.0 2.0 454.0
5.0 0.0 84600.0 92506927.484 848.0 7.0 897.0
5.0 0.0 84600.0 99256270.451 419.0 11.0 540.0
5.0 0.0 84600.0 133425558.726 -110.0 1.0 -109.0
5.0 0.0 84600.0 108419243.974 119.0 6.0 155.0
5.0 0.0 84600.0 134649688.075 103.0 -2.0 107.0
5.0 0.0 84600.0 100550118.546 126.0 -2.0 130.0
5.0 0.0 84600.0 103173165.383 118.0 -1.0 119.0
5.0 0.0 84600.0 118960047.368 -421.0 -3.0 -412.0
5.0 0.0 84600.0 96664931.498 -436.0 15.0 -211.0
5.0 0.0 84600.0 120051443.102 417.0 11.0 538.0
5.0 0.0 84600.0 89648979.845 404.0 -1.0 405.0
5.0 0.0 84600.0 91987626.69 383.0 13.0 552.0
5.0 0.0 84600.0 140102821.325 113.0 -6.0 149.0
5.0 0.0 84600.0 113845113.887 -165.0 -9.0 -84.0
5.0 0.0 84600.0 141388219.37 97.0 -7.0 146.0
5.0 0.0 84600.0 105582126.696 102.0 3.0 111.0
5.0 0.0 84600.0 108336427.111 149.0 -5.0 174.0
5.0 0.0 84600.0 117933653.409 193.0 13.0 362.0
5.0 0.0 84600.0 91726287.709 166.0 -1.0 167.0
5.0 0.0 84600.0 117933638.422 -191.0 -1.0 -190.0
5.0 0.0 84600.0 120457747.665 144.0 -3.0 153.0
5.0 0.0 84600.0 93689414.961 102.0 5.0 127.0
5.0 0.0 84600.0 120457738.671 -140.0 1.0 -139.0
5.0 0.0 84600.0 109677009.227 -88.0 9.0 -7.0
5.0 0.0 84600.0 85304461.8 118.0 1.0 119.0
5.0 0.0 84600.0 109677007.248 88.0 -1.0 89.0
5.0 0.0 84600.0 110096817.6 284.0 2.0 288.0
5.0 0.0 84600.0 85630911.41 262.0 4.0 278.0
5.0 0.0 84600.0 110096811.614 242.0 4.0 258.0
5.0 0.0 84600.0 128857448.826 -162.0 -8.0 -98.0
5.0 0.0 84600.0 104707353.423 171.0 -1.0 172.0
5.0 0.0 84600.0 130039633.942 121.0 2.0 125.0
5.0 0.0 84600.0 97107621.089 93.0 1.0 94.0
5.0 0.0 84600.0 99640754.275 113.0 0.0 113.0
5.0 0.0 84600.0 116194959.366 470.0 -1.0 471.0
5.0 0.0 84600.0 94418015.137 -403.0 1.0 -402.0
5.0 0.0 84600.0 117260981.523 403.0 11.0 524.0
5.0 0.0 84600.0 87565142.991 415.0 10.0 515.0
5.0 0.0 84600.0 89849431.99 369.0 1.0 370.0
5.0 0.0 84600.0 136792865.47 124.0 1.0 125.0
5.0 0.0 84600.0 111155429.222 -156.0 6.0 -120.0
5.0 0.0 84600.0 138047869.803 98.0 15.0 323.0
5.0 0.0 84600.0 103087744.503 71.0 -1.0 72.0
5.0 0.0 84600.0 105777006.861 124.0 -1.0 125.0
5.0 0.0 84600.0 125796206.216 -224.0 -1.0 -223.0
5.0 0.0 84600.0 102219788.735 238.0 -5.0 263.0
5.0 0.0 84600.0 126950317.607 209.0 -3.0 218.0
5.0 0.0 84600.0 94800637.152 191.0 -1.0 192.0
5.0 0.0 84600.0 97273675.012 222.0 5.0 247.0
5.0 0.0 84600.0 131388243.266 258.0 -2.0 262.0
5.0 0.0 84600.0 98114752.573 317.0 9.0 398.0
5.0 0.0 84600.0 100674251.542 295.0 4.0 311.0
5.0 0.0 84600.0 99394513.135 610.0 15.0 835.0
5.0 0.0 84600.0 106646407.692 300.0 15.0 525.0
5.0 0.0 84600.0 121503636.527 76.0 1.0 77.0
5.0 0.0 84600.0 94502560.355 45.0 -4.0 61.0
5.0 0.0 84600.0 121503608.514 72.0 -11.0 193.0
5.0 0.0 84600.0 131923958.113 -122.0 3.0 -113.0
5.0 0.0 84600.0 107199306.268 -245.0 -13.0 -76.0
5.0 0.0 84600.0 133134256.962 124.0 -13.0 293.0
5.0 0.0 84600.0 99418495.9 106.0 -6.0 142.0
5.0 0.0 84600.0 119070150.3 -121.0 -14.0 75.0
5.0 0.0 84600.0 96754364.453 306.0 -10.0 406.0
5.0 0.0 84600.0 120162488.199 146.0 -4.0 162.0
5.0 0.0 84600.0 89731994.902 326.0 -7.0 375.0
5.0 0.0 84600.0 92072366.411 423.0 5.0 448.0
5.0 0.0 84600.0 32838373.875 76.0 -5.0 101.0
5.0 0.0 84600.0 107310258.71 407.0 7.0 456.0
5.0 0.0 84600.0 83618522.255 249.0 4.0 265.0
5.0 0.0 84600.0 80134460.157 553.0 -8.0 617.0
5.0 0.0 84600.0 107310265.718 409.0 4.0 425.0
5.0 0.0 84600.0 114067092.347 -348.0 4.0 -332.0
5.0 0.0 84600.0 88883572.484 161.0 -9.0 242.0
5.0 0.0 84600.0 85180112.426 397.0 -1.0 398.0
5.0 0.0 84600.0 122451752.515 -273.0 -11.0 -152.0
5.0 0.0 84600.0 95416825.609 132.0 1.0 133.0
5.0 0.0 84600.0 91441417.21 251.0 -5.0 276.0
5.0 0.0 84600.0 122213196.553 222.0 -4.0 238.0
5.0 0.0 84600.0 206421331.418 47.0 -10.0 147.0
5.0 0.0 84600.0 123263118.611 -263.0 -3.0 -254.0
5.0 0.0 84600.0 96049218.794 72.0 5.0 97.0
5.0 0.0 84600.0 116071775.574 440.0 -9.0 521.0
5.0 0.0 84600.0 90445604.951 157.0 7.0 206.0
